0.020494,0.049594,0.031091,0.097534,0.15461,0.16342,0.056353,0.064174,0.25177,0.11095
0.016207,0.042556,0.024846,0.086155,0.13223,0.15358,0.048777,0.063587,0.3267,0.10536
0.022973,0.050687,0.03343,0.099603,0.15696,0.16368,0.058567,0.065412,0.23683,0.11187
0.019485,0.046305,0.027839,0.091117,0.1389,0.15695,0.052756,0.066205,0.2885,0.11194
0.020303,0.047114,0.030619,0.096568,0.15201,0.16271,0.054861,0.064718,0.26317,0.10793
0.020892,0.048129,0.031494,0.09877,0.15719,0.16396,0.055706,0.064018,0.25056,0.10927
0.010012,0.031374,0.014114,0.064509,0.087844,0.1393,0.03775,0.068313,0.44898,0.097803
0.017054,0.041305,0.024648,0.084988,0.12728,0.15404,0.048904,0.0684,0.328,0.10538
0.019482,0.046172,0.029324,0.095406,0.14941,0.16311,0.054156,0.066471,0.26661,0.10986
0.019284,0.046736,0.029973,0.097678,0.15623,0.16563,0.054721,0.064571,0.25508,0.1101
0.0099471,0.036732,0.012425,0.066128,0.080909,0.14254,0.040614,0.074793,0.42099,0.11493
0.017474,0.042223,0.025488,0.087143,0.13176,0.15642,0.050057,0.068636,0.314,0.10679
0.020906,0.047856,0.031539,0.099394,0.1575,0.166,0.056779,0.066824,0.2414,0.11179
0.018543,0.046716,0.0292,0.097968,0.15783,0.16811,0.055876,0.064595,0.24643,0.11474
0.013894,0.050407,0.015008,0.072646,0.085063,0.14498,0.048294,0.081717,0.34889,0.1391
0.019143,0.046263,0.028811,0.096473,0.15104,0.16634,0.05523,0.069526,0.25476,0.11241
0.029112,0.058472,0.047278,0.12491,0.21036,0.1814,0.071329,0.06323,0.10252,0.1114
0.017976,0.042159,0.036437,0.11081,0.19988,0.1798,0.057637,0.057131,0.20423,0.093935
0.013044,0.034947,0.026014,0.092567,0.1576,0.16605,0.047144,0.060034,0.30951,0.093088
0.019263,0.043537,0.03701,0.10936,0.19513,0.1786,0.058493,0.058458,0.20527,0.09489
0.015023,0.038161,0.028617,0.097349,0.16687,0.17343,0.051069,0.062114,0.26959,0.097774
0.015931,0.039743,0.031268,0.1026,0.18166,0.17764,0.053006,0.060338,0.24088,0.096941
0.016118,0.039768,0.031705,0.10345,0.18384,0.17838,0.053093,0.059671,0.23742,0.096562
0.0078025,0.028849,0.014009,0.072289,0.11305,0.1592,0.039047,0.06796,0.40168,0.096104
0.012788,0.03568,0.024751,0.093743,0.16315,0.17342,0.048337,0.064191,0.28609,0.097844
0.015132,0.039006,0.030129,0.10369,0.18504,0.18061,0.052507,0.061509,0.2341,0.09828
0.015464,0.039549,0.030913,0.10441,0.18615,0.18113,0.052903,0.060299,0.23097,0.098205
0.0065008,0.028413,0.011012,0.068817,0.096883,0.15854,0.038743,0.072127,0.41748,0.10148
0.013157,0.035973,0.025254,0.094581,0.1643,0.17353,0.048773,0.063926,0.28331,0.097199
0.016292,0.040752,0.032235,0.10882,0.19752,0.18413,0.054919,0.060747,0.20573,0.098855
0.015911,0.041177,0.031898,0.10961,0.19863,0.18665,0.054538,0.058964,0.20289,0.099729
0.0076813,0.035578,0.011765,0.074071,0.096285,0.16362,0.045372,0.077132,0.37002,0.11848
0.014858,0.03716,0.027667,0.09858,0.17028,0.17266,0.051169,0.062081,0.27141,0.094137
0.025182,0.050773,0.048411,0.13508,0.25707,0.19353,0.069727,0.051886,0.071289,0.097056
0.034383,0.060905,0.04167,0.09971,0.15415,0.1587,0.064286,0.070301,0.19292,0.12298
0.020688,0.044756,0.024993,0.077283,0.11254,0.14236,0.047777,0.067439,0.35068,0.11149
0.017251,0.040435,0.020908,0.071565,0.10195,0.13756,0.043423,0.066162,0.39326,0.10749
0.041618,0.066906,0.049057,0.10672,0.16833,0.16175,0.071097,0.072008,0.13879,0.12371
0.023535,0.049704,0.027426,0.08281,0.1212,0.14894,0.051374,0.072251,0.30255,0.12021
0.019227,0.045539,0.022243,0.077042,0.11007,0.14584,0.046633,0.072296,0.34181,0.1193
0.024781,0.054321,0.029048,0.090197,0.12785,0.15933,0.056849,0.078332,0.24798,0.13131
0.025795,0.055025,0.030642,0.091089,0.13486,0.15811,0.056708,0.074926,0.24532,0.12751
0.026615,0.055599,0.032039,0.09173,0.14115,0.15693,0.056577,0.071924,0.24326,0.12418
0.013842,0.044183,0.014873,0.07107,0.081818,0.15055,0.045415,0.083059,0.36848,0.12671
0.023366,0.052799,0.02685,0.086837,0.11965,0.15708,0.055352,0.079425,0.27158,0.12705
0.02613,0.054836,0.030568,0.092331,0.13211,0.15959,0.057781,0.078014,0.239,0.12963
0.025606,0.054609,0.030694,0.092324,0.13446,0.16044,0.05717,0.076347,0.23938,0.12896
0.03141,0.062336,0.039819,0.10332,0.16686,0.16708,0.064461,0.070786,0.16767,0.12626
0.012336,0.044123,0.011955,0.067276,0.070367,0.14551,0.043121,0.085447,0.38677,0.1331
0.023039,0.052318,0.026424,0.085964,0.11812,0.15624,0.054814,0.07908,0.27775,0.12625
0.029627,0.056961,0.034714,0.096553,0.142,0.16054,0.060757,0.076613,0.21533,0.1269
0.029619,0.053095,0.035173,0.094766,0.13974,0.15868,0.058018,0.073432,0.23582,0.12167
0.012506,0.050044,0.0095838,0.066429,0.060737,0.14073,0.044083,0.090255,0.37338,0.15225
0.0071381,0.030709,0.0058543,0.046115,0.048477,0.11893,0.028706,0.065732,0.55549,0.092847
0.02739,0.062835,0.044015,0.12033,0.19186,0.18327,0.074444,0.06975,0.10152,0.12458
0.027433,0.062561,0.042778,0.11854,0.19625,0.18338,0.073089,0.06945,0.10115,0.12537
0.023048,0.060509,0.035834,0.11288,0.17581,0.18584,0.070901,0.07373,0.1261,0.13535
0.014709,0.050768,0.022308,0.095342,0.12274,0.18255,0.061976,0.084518,0.22547,0.13963
0.010759,0.047779,0.014798,0.085129,0.085817,0.17466,0.058973,0.09326,0.28117,0.14766
0.012932,0.055746,0.016946,0.088806,0.086026,0.16972,0.064742,0.09527,0.24828,0.16153
0.034806,0.064656,0.055583,0.13298,0.22235,0.18033,0.080716,0.061647,0.057818,0.10912
0.035089,0.064662,0.056537,0.13395,0.22423,0.1799,0.081445,0.061152,0.056013,0.10702
0.033468,0.063772,0.054269,0.13192,0.2238,0.18229,0.079661,0.061372,0.060196,0.10925
0.033392,0.063827,0.054172,0.13179,0.22365,0.18237,0.079641,0.061449,0.060285,0.10942
0.031516,0.067559,0.050914,0.12741,0.20805,0.18123,0.081534,0.065026,0.065353,0.1214
0.032167,0.066299,0.052296,0.12898,0.21476,0.18296,0.080721,0.062854,0.062257,0.1167
0.027906,0.071099,0.042158,0.11805,0.16914,0.17826,0.083403,0.077029,0.090174,0.14278
0.031256,0.070453,0.048152,0.12265,0.19136,0.18032,0.082743,0.069624,0.072122,0.13133
0.024431,0.074776,0.033196,0.10964,0.13189,0.17182,0.083522,0.088618,0.11417,0.16794
0.030657,0.074115,0.045754,0.1177,0.17602,0.17389,0.083649,0.076156,0.081672,0.14039
0.024547,0.078287,0.031598,0.10738,0.12111,0.16638,0.083893,0.091231,0.11465,0.18092
0.03726,0.078424,0.053636,0.11982,0.19949,0.17065,0.083541,0.067359,0.059149,0.13068
0.041532,0.073862,0.05568,0.12254,0.19173,0.16996,0.083474,0.068805,0.065548,0.12687
0.032388,0.06838,0.049991,0.1266,0.20267,0.1762,0.079003,0.067568,0.070044,0.12715
0.03211,0.065724,0.050194,0.12479,0.20054,0.18117,0.078086,0.067317,0.077619,0.12245
0.0288,0.065861,0.045754,0.12223,0.19605,0.18578,0.077921,0.068121,0.081263,0.12822
0.023183,0.06542,0.037187,0.1174,0.18688,0.19049,0.075779,0.069894,0.093916,0.13984
0.030593,0.066225,0.048177,0.12587,0.20783,0.18143,0.077456,0.066634,0.072683,0.12309
0.031122,0.065167,0.049816,0.12712,0.20928,0.18114,0.077488,0.06629,0.072484,0.12009
0.032335,0.061076,0.055727,0.13157,0.21823,0.18147,0.077301,0.063869,0.069845,0.10857
0.018353,0.055854,0.031737,0.11207,0.19087,0.1972,0.066698,0.067562,0.12549,0.13417
0.030931,0.065096,0.049331,0.1266,0.21624,0.18415,0.077408,0.064576,0.06847,0.11719
0.031032,0.065143,0.04949,0.12661,0.21584,0.18392,0.077516,0.064699,0.068547,0.1172
0.029214,0.065408,0.047558,0.12456,0.20872,0.18611,0.077824,0.065296,0.074539,0.12077
0.029816,0.065131,0.048711,0.12536,0.21276,0.18649,0.077726,0.064173,0.071454,0.11837
0.020174,0.061166,0.031618,0.11133,0.15646,0.19044,0.074062,0.080631,0.13086,0.14326
0.024259,0.063009,0.039813,0.11798,0.18235,0.18938,0.075539,0.071868,0.10464,0.13116
0.039016,0.061378,0.064354,0.1445,0.26113,0.16595,0.078327,0.05754,0.04401,0.083788
0.039766,0.062025,0.064276,0.14078,0.26142,0.16879,0.0775,0.057992,0.043893,0.083565
0.014677,0.058725,0.020495,0.09955,0.11227,0.18552,0.070893,0.093789,0.18222,0.16186
0.021576,0.063777,0.032482,0.11062,0.15624,0.18705,0.075559,0.080326,0.12817,0.14419
0.032853,0.061644,0.055762,0.13893,0.2567,0.17883,0.078323,0.055259,0.045684,0.09601
0.032963,0.057826,0.057553,0.14327,0.27004,0.17885,0.076769,0.052671,0.043249,0.086818
0.015744,0.061954,0.021413,0.097629,0.10331,0.17806,0.07169,0.096174,0.18561,0.16842
0.0316,0.077686,0.047012,0.11787,0.19287,0.17776,0.082579,0.069316,0.064191,0.13912
0.032036,0.064807,0.053534,0.13481,0.24506,0.17953,0.078863,0.057621,0.04882,0.10492
0.032261,0.057457,0.056754,0.14347,0.27111,0.18001,0.076593,0.052119,0.043122,0.087107
0.037636,0.079708,0.04246,0.10625,0.14816,0.16314,0.080009,0.081685,0.10473,0.15622
0.046457,0.076883,0.055672,0.11556,0.19139,0.16776,0.080838,0.069327,0.065238,0.13088
0.043716,0.076975,0.053128,0.11477,0.18504,0.16995,0.08123,0.070779,0.068906,0.1355
0.046711,0.077376,0.051393,0.11415,0.18256,0.16457,0.07709,0.068981,0.079545,0.13762
0.04392,0.076821,0.051331,0.11256,0.1797,0.16708,0.079699,0.073144,0.078404,0.13734
0.04455,0.077392,0.053433,0.11505,0.18966,0.16766,0.080933,0.070449,0.066342,0.13453
0.039138,0.076558,0.048831,0.11448,0.18647,0.17109,0.080801,0.071651,0.071198,0.13978
0.037288,0.075447,0.047399,0.1147,0.18853,0.17262,0.079983,0.071094,0.073306,0.13963
0.037753,0.078016,0.045563,0.11272,0.18289,0.16732,0.080585,0.0738,0.076315,0.14505
0.035037,0.07442,0.044418,0.11338,0.18584,0.17479,0.078716,0.072258,0.077889,0.14324
0.034432,0.071948,0.044344,0.1136,0.18792,0.17746,0.077326,0.070795,0.082128,0.14004
0.028897,0.066098,0.038983,0.11356,0.19222,0.18375,0.07248,0.069437,0.094421,0.14015
0.031528,0.068211,0.040961,0.11335,0.19121,0.18056,0.073871,0.069399,0.09134,0.13957
0.028972,0.065351,0.039704,0.11525,0.19852,0.18371,0.072508,0.06774,0.0903,0.13794
0.031224,0.068266,0.040649,0.1142,0.19473,0.17939,0.073886,0.069078,0.088825,0.13976
0.030011,0.066812,0.040086,0.11493,0.19695,0.18315,0.073299,0.068694,0.085919,0.14015
0.032703,0.070124,0.042415,0.1146,0.19393,0.17819,0.075476,0.070277,0.083475,0.13881
0.029836,0.064239,0.04042,0.11622,0.20132,0.18523,0.071602,0.068211,0.089219,0.1337
0.033007,0.071144,0.042509,0.11393,0.18783,0.17674,0.076041,0.072261,0.088012,0.13853
0.026584,0.068103,0.037745,0.11228,0.16017,0.18073,0.079982,0.077466,0.11174,0.1452
0.032479,0.066109,0.048014,0.12074,0.20189,0.18636,0.078364,0.065906,0.07489,0.12525
0.028938,0.064682,0.044226,0.1205,0.20244,0.18946,0.076978,0.065907,0.079223,0.12765
0.026685,0.063616,0.042067,0.12153,0.20659,0.1917,0.076682,0.065119,0.078876,0.12714
0.026492,0.062304,0.042517,0.12347,0.21412,0.19459,0.075738,0.063122,0.074193,0.12345
0.036858,0.067863,0.053926,0.12409,0.21449,0.18243,0.081013,0.06266,0.05986,0.11681
0.03326,0.065807,0.04956,0.12211,0.20736,0.18685,0.078291,0.064375,0.07009,0.1223
0.028846,0.06456,0.044215,0.12061,0.20266,0.18978,0.076942,0.065853,0.078997,0.12754
0.024321,0.059792,0.03919,0.11945,0.20549,0.19349,0.072727,0.065451,0.093435,0.12666
0.023201,0.057763,0.037973,0.1193,0.20783,0.19498,0.070573,0.065046,0.097937,0.1254
0.020948,0.054173,0.035561,0.11844,0.21351,0.19568,0.066642,0.063706,0.10843,0.12291
0.022136,0.05675,0.036472,0.11917,0.2136,0.1938,0.068923,0.06389,0.10028,0.12498
0.021785,0.055556,0.036197,0.12016,0.22172,0.19642,0.067069,0.061856,0.096295,0.12294
0.022673,0.057392,0.036634,0.11993,0.21843,0.19479,0.069033,0.0627,0.093135,0.12529
0.022997,0.057241,0.036012,0.11858,0.21816,0.19471,0.067489,0.063036,0.095839,0.12594
0.023356,0.057538,0.03627,0.11829,0.21494,0.19449,0.068142,0.063846,0.096647,0.12649
0.02043,0.060011,0.026599,0.096544,0.12695,0.17415,0.065384,0.087109,0.19313,0.14969
0.029258,0.062336,0.042216,0.11336,0.1831,0.18417,0.071588,0.071393,0.11443,0.12814
0.024764,0.057331,0.037232,0.11078,0.18077,0.18747,0.067596,0.071825,0.13386,0.12838
0.021522,0.056276,0.032577,0.10892,0.17901,0.18636,0.065453,0.073183,0.14307,0.13363
0.020478,0.05742,0.031173,0.10931,0.18025,0.1864,0.064748,0.073188,0.13965,0.13738
0.033749,0.06778,0.046258,0.11713,0.19217,0.17838,0.076156,0.070767,0.088447,0.12916
0.030051,0.062686,0.043422,0.11469,0.18674,0.18459,0.07217,0.070439,0.10806,0.12715
0.024732,0.057305,0.037197,0.11077,0.18073,0.18744,0.06757,0.071851,0.13399,0.12841
0.021094,0.054858,0.032512,0.10863,0.17976,0.18625,0.06398,0.072252,0.1496,0.13107
0.020099,0.0544,0.031299,0.10831,0.18032,0.18628,0.062744,0.071976,0.15269,0.13188
0.021345,0.053833,0.033394,0.10992,0.18732,0.18481,0.0626,0.069218,0.1498,0.12775
0.020324,0.054109,0.031301,0.10897,0.18464,0.18545,0.062281,0.070674,0.15062,0.13163
0.023362,0.059256,0.035192,0.11386,0.19902,0.18405,0.065993,0.067572,0.11771,0.13398
0.020609,0.056364,0.030975,0.1092,0.18805,0.18421,0.062317,0.070407,0.14148,0.13638
0.023466,0.061701,0.034646,0.11459,0.20207,0.18441,0.066532,0.068346,0.10645,0.13778
0.02096,0.058087,0.031378,0.10875,0.18966,0.18315,0.062708,0.070792,0.13644,0.13806
0.043098,0.069506,0.063329,0.12941,0.21781,0.17158,0.084906,0.06203,0.052407,0.10592
0.033067,0.065536,0.043993,0.11392,0.15051,0.13942,0.072854,0.081986,0.16824,0.13047
0.051163,0.097585,0.051879,0.10381,0.15522,0.1357,0.08299,0.086479,0.078888,0.15628
0.048051,0.09882,0.04873,0.10299,0.1545,0.13851,0.083433,0.086097,0.076166,0.16271
0.041885,0.090855,0.046141,0.10725,0.15886,0.15233,0.083271,0.082317,0.075899,0.1612
0.046325,0.09095,0.053294,0.10624,0.15835,0.14922,0.085417,0.08101,0.081822,0.14737
0.049591,0.096446,0.052862,0.1044,0.15687,0.14357,0.085262,0.083477,0.073439,0.15407
0.049242,0.095719,0.051686,0.10537,0.16476,0.14208,0.083131,0.083002,0.072019,0.153
0.04269,0.091524,0.047412,0.10717,0.16336,0.1519,0.083133,0.081335,0.074029,0.15745
0.045888,0.091791,0.053741,0.10817,0.16115,0.15015,0.086405,0.081104,0.073492,0.14811
0.046461,0.093942,0.05254,0.10635,0.15735,0.14803,0.086158,0.082411,0.07435,0.15241
0.046732,0.093837,0.050994,0.10695,0.16683,0.14613,0.083157,0.081695,0.071792,0.15189
0.044176,0.093418,0.049346,0.10699,0.16706,0.14926,0.083293,0.08077,0.071366,0.15431
0.04276,0.085224,0.05457,0.11474,0.1773,0.1576,0.084941,0.076368,0.068986,0.13752
0.043045,0.092551,0.050899,0.1075,0.15592,0.1488,0.085968,0.083353,0.078839,0.15313
0.043906,0.080555,0.057608,0.11883,0.19071,0.16233,0.084075,0.071769,0.063024,0.1272
0.026898,0.077499,0.037026,0.11131,0.13608,0.16669,0.086932,0.08706,0.10924,0.16127
0.031472,0.076099,0.04605,0.11857,0.16329,0.17156,0.09028,0.077436,0.083919,0.14133
0.032509,0.081192,0.041974,0.11202,0.15529,0.16843,0.08651,0.080229,0.083064,0.15878
0.031973,0.079916,0.041374,0.11194,0.15511,0.17045,0.085866,0.079891,0.084202,0.15928
0.031063,0.077812,0.040511,0.11216,0.16425,0.17304,0.08308,0.078248,0.082262,0.15758
0.028441,0.078217,0.039057,0.11192,0.18259,0.1721,0.079769,0.076529,0.077278,0.15409
0.033602,0.076071,0.045952,0.1167,0.17296,0.17125,0.084102,0.075678,0.079289,0.14439
0.032464,0.079426,0.04238,0.11296,0.15843,0.16899,0.085722,0.079308,0.084363,0.15596
0.035966,0.072053,0.050448,0.12024,0.18982,0.17355,0.082261,0.071229,0.074357,0.13007
0.02898,0.072413,0.037983,0.10943,0.16292,0.17779,0.081595,0.076728,0.1031,0.14907
0.043528,0.083584,0.058532,0.11751,0.17172,0.15524,0.090859,0.075612,0.069031,0.13437
0.068441,0.10044,0.057802,0.095049,0.14294,0.1217,0.081626,0.088983,0.082355,0.16067
0.063927,0.098992,0.056072,0.097535,0.147,0.12976,0.083205,0.085743,0.078402,0.15936
0.056239,0.089322,0.060902,0.10748,0.16779,0.14526,0.0858,0.078502,0.070097,0.13861
0.061802,0.097935,0.057168,0.099397,0.14919,0.1323,0.083982,0.085037,0.077322,0.15587
0.060149,0.096926,0.055353,0.099491,0.15547,0.13556,0.082836,0.083473,0.07582,0.15492
0.050658,0.085495,0.059446,0.10956,0.17507,0.15433,0.0853,0.072553,0.072553,0.13503
0.057455,0.093401,0.0589,0.10373,0.15535,0.14092,0.086025,0.08157,0.07463,0.14802
0.059114,0.096917,0.05711,0.10073,0.14918,0.13619,0.085399,0.084021,0.076721,0.15461
0.057274,0.096479,0.05396,0.10066,0.1587,0.13814,0.082653,0.082833,0.074742,0.15457
0.054785,0.08754,0.060632,0.10911,0.16747,0.14665,0.085227,0.07838,0.072006,0.13819
0.056918,0.09188,0.059222,0.105,0.15674,0.14141,0.085852,0.081465,0.074969,0.14654
0.058983,0.096286,0.057704,0.10065,0.14548,0.13595,0.086348,0.084729,0.078749,0.15513
0.05645,0.084973,0.062473,0.1114,0.17292,0.14785,0.084523,0.076835,0.069112,0.13346
0.055673,0.085178,0.061569,0.11061,0.17037,0.14755,0.084433,0.077608,0.07209,0.13493
0.047461,0.085045,0.050354,0.10142,0.13843,0.13973,0.080241,0.089741,0.11228,0.1553
0.040165,0.088865,0.035559,0.099499,0.13187,0.13079,0.072067,0.098483,0.11582,0.18687
0.057589,0.082137,0.064259,0.11355,0.18195,0.14924,0.084106,0.074165,0.06584,0.12716
0.056162,0.081319,0.062534,0.11275,0.17791,0.15078,0.082848,0.07516,0.071538,0.129
0.031178,0.073571,0.032732,0.097757,0.12785,0.1467,0.066917,0.096845,0.16346,0.16298
0.039396,0.087918,0.034961,0.09955,0.13111,0.13316,0.071915,0.099486,0.11729,0.18522
0.058504,0.080504,0.065067,0.115,0.18412,0.14998,0.084443,0.072974,0.06511,0.1243
0.064217,0.084173,0.061731,0.10201,0.17208,0.13832,0.083862,0.082432,0.073604,0.13757
0.056156,0.10847,0.045414,0.090589,0.11217,0.11862,0.081107,0.099046,0.0969,0.19152
0.061686,0.10252,0.055439,0.096942,0.13268,0.12605,0.084658,0.090422,0.084135,0.16547
