0.037162,0.088224,0.045145,0.10957,0.17754,0.16418,0.081889,0.07715,0.067212,0.15193
0.035411,0.087669,0.043173,0.10951,0.17595,0.16457,0.081494,0.077714,0.068714,0.15579
0.032191,0.090828,0.035657,0.10579,0.15838,0.16031,0.080339,0.086653,0.078467,0.17138
0.036241,0.09041,0.041993,0.10721,0.17062,0.15959,0.081478,0.080654,0.070753,0.16105
0.034929,0.091907,0.038979,0.10481,0.15929,0.15644,0.08111,0.085389,0.077725,0.16942
0.033527,0.093384,0.035644,0.10236,0.14842,0.15307,0.080256,0.090222,0.085037,0.17808
0.031501,0.094764,0.030592,0.099814,0.14201,0.14975,0.076222,0.094315,0.093209,0.18783
0.043293,0.10005,0.045686,0.10172,0.15721,0.14109,0.082641,0.090165,0.075572,0.16257
0.035406,0.094718,0.037747,0.10207,0.14952,0.15023,0.080447,0.090802,0.083367,0.17569
0.032361,0.093621,0.033247,0.10023,0.14132,0.15108,0.078242,0.093941,0.09244,0.18352
0.030259,0.093243,0.029711,0.098286,0.134,0.15081,0.076296,0.097124,0.10044,0.18984
0.036128,0.096013,0.037641,0.10194,0.15453,0.14598,0.075282,0.095495,0.081462,0.17552
0.029979,0.090698,0.031031,0.099152,0.14067,0.15395,0.075111,0.095156,0.099747,0.18451
0.029521,0.089865,0.030916,0.09955,0.14167,0.15587,0.07533,0.093998,0.099301,0.18397
0.03006,0.08267,0.037721,0.10982,0.17559,0.17737,0.079751,0.074626,0.069221,0.16316
0.029172,0.087634,0.032306,0.10092,0.14915,0.15946,0.075192,0.091058,0.096459,0.17865
0.031096,0.085619,0.036244,0.10501,0.16327,0.16528,0.077407,0.083858,0.084513,0.1677
0.034384,0.083287,0.042368,0.11051,0.18466,0.17229,0.080586,0.074136,0.067215,0.15056
0.040954,0.086411,0.050898,0.11172,0.20867,0.16504,0.081711,0.072644,0.05723,0.12472
0.030082,0.085604,0.036102,0.10553,0.16239,0.16596,0.079286,0.083371,0.082493,0.16918
0.034591,0.083024,0.043113,0.11083,0.18258,0.17063,0.080441,0.074945,0.069066,0.15078
0.039454,0.083056,0.050095,0.11416,0.19403,0.16902,0.081798,0.071843,0.060805,0.13574
0.042778,0.082009,0.056391,0.11791,0.20399,0.16782,0.082929,0.068779,0.054751,0.12264
0.041503,0.079009,0.056603,0.12008,0.21002,0.17012,0.08257,0.066452,0.053776,0.11986
0.04071,0.079354,0.054089,0.11858,0.20279,0.16805,0.080854,0.068143,0.062092,0.12534
0.04341,0.082635,0.056193,0.11744,0.20122,0.16641,0.082698,0.069914,0.055984,0.12409
0.042474,0.080771,0.05668,0.11884,0.20515,0.16888,0.083299,0.067735,0.054283,0.12189
0.040563,0.079346,0.055709,0.11958,0.21059,0.17179,0.083505,0.065923,0.052855,0.12013
0.053145,0.10185,0.036113,0.088475,0.11209,0.13168,0.074605,0.092809,0.10991,0.19932
0.058263,0.099192,0.042961,0.092822,0.13115,0.13787,0.078331,0.08632,0.089779,0.18332
0.054696,0.097433,0.042102,0.09402,0.12989,0.14171,0.079375,0.08647,0.090117,0.18419
0.059968,0.094456,0.047641,0.096868,0.14228,0.14372,0.079869,0.081797,0.082665,0.17074
0.027417,0.069726,0.040611,0.11908,0.18866,0.17413,0.078276,0.073143,0.091311,0.13764
0.041722,0.073067,0.060522,0.12444,0.21603,0.17527,0.084223,0.060158,0.053259,0.11131
0.041458,0.076109,0.058013,0.12227,0.21106,0.17133,0.084409,0.062548,0.054493,0.11831
0.041597,0.081252,0.054009,0.11773,0.20205,0.16432,0.084982,0.066658,0.058175,0.12923
0.040347,0.077846,0.055691,0.11984,0.20273,0.17123,0.085298,0.064123,0.057505,0.12539
0.041027,0.081426,0.054219,0.1181,0.19787,0.16563,0.085764,0.066757,0.058318,0.1309
0.038499,0.083155,0.049911,0.11714,0.1921,0.16298,0.085317,0.069631,0.061481,0.13979
0.034478,0.083328,0.044866,0.11701,0.18744,0.16302,0.084519,0.071864,0.064846,0.14863
0.040653,0.085338,0.052317,0.11654,0.18616,0.16074,0.087019,0.070184,0.061356,0.1397
0.033526,0.083417,0.042486,0.11341,0.17653,0.16234,0.083351,0.0758,0.073982,0.15515
0.031087,0.082203,0.039494,0.11258,0.17472,0.16346,0.081871,0.077477,0.078403,0.15871
0.028384,0.076667,0.039821,0.11342,0.18542,0.16937,0.078884,0.076962,0.082879,0.14819
0.027894,0.079641,0.035765,0.11032,0.16701,0.16754,0.079673,0.079877,0.087644,0.16464
0.026518,0.077228,0.035581,0.11205,0.1729,0.17627,0.079594,0.076167,0.081659,0.16204
0.025081,0.074917,0.035332,0.11369,0.17866,0.18469,0.079426,0.07263,0.075997,0.15958
0.027144,0.071698,0.040582,0.1178,0.18823,0.18221,0.078557,0.070376,0.078474,0.14493
0.025375,0.073066,0.037604,0.11611,0.18762,0.18733,0.079166,0.069228,0.072185,0.15232
0.027485,0.071805,0.041723,0.11931,0.20129,0.18792,0.079103,0.065164,0.063984,0.14221
0.032838,0.068883,0.051454,0.12649,0.22622,0.18612,0.078757,0.058052,0.051273,0.11992
0.037398,0.067806,0.057034,0.13014,0.22697,0.18158,0.078058,0.057383,0.050608,0.11303
0.026135,0.07049,0.042191,0.12017,0.20923,0.19006,0.078401,0.063044,0.063685,0.13659
0.030283,0.070525,0.047631,0.12308,0.21895,0.18753,0.079032,0.060194,0.055386,0.12739
0.031928,0.069884,0.048549,0.1235,0.21738,0.18626,0.078714,0.060808,0.056512,0.12647
0.031191,0.068412,0.047865,0.12421,0.21906,0.18741,0.078463,0.060809,0.057219,0.12536
0.033115,0.07629,0.049208,0.12045,0.19609,0.17573,0.084798,0.069115,0.06301,0.1322
0.035501,0.069411,0.056598,0.12758,0.22482,0.18275,0.083166,0.059656,0.051767,0.10874
0.039581,0.077564,0.052276,0.11985,0.19646,0.1635,0.082704,0.070788,0.065377,0.1319
0.030407,0.069356,0.046833,0.12444,0.22242,0.18475,0.078312,0.060025,0.057995,0.12546
0.02966,0.069537,0.045643,0.12449,0.22053,0.18345,0.078834,0.06055,0.059548,0.12776
0.027875,0.070563,0.040229,0.12076,0.20598,0.17906,0.079272,0.065745,0.07276,0.13775
0.02998,0.072091,0.044551,0.12123,0.21381,0.18228,0.07955,0.062009,0.061161,0.13334
0.028965,0.072623,0.041535,0.11882,0.20141,0.17887,0.079795,0.067178,0.069715,0.14108
0.028023,0.073609,0.038649,0.11662,0.18944,0.17535,0.079956,0.072007,0.07698,0.14937
0.027073,0.076226,0.035094,0.11452,0.17487,0.17063,0.079988,0.077341,0.081935,0.16232
0.028546,0.066459,0.041949,0.11238,0.18343,0.16695,0.070607,0.071276,0.12973,0.12868
0.028234,0.073177,0.039249,0.11553,0.18747,0.17512,0.079275,0.072602,0.081656,0.14769
0.025691,0.072656,0.034851,0.11273,0.17638,0.17494,0.077458,0.07675,0.091459,0.15708
0.023775,0.072006,0.031713,0.11051,0.16799,0.17452,0.075774,0.07978,0.10076,0.16317
0.01644,0.052407,0.021041,0.098362,0.12776,0.15139,0.047077,0.093312,0.25457,0.13764
0.022404,0.061275,0.030669,0.1081,0.16024,0.17224,0.065552,0.080191,0.15907,0.14026
0.021993,0.06676,0.030812,0.10964,0.16842,0.17852,0.07165,0.078969,0.11594,0.1573
0.021864,0.066961,0.030714,0.11014,0.16993,0.18044,0.071924,0.078246,0.11165,0.15812
0.021593,0.067598,0.031012,0.11342,0.17946,0.19039,0.073651,0.073863,0.089,0.16001
0.020693,0.06241,0.030595,0.10961,0.17297,0.18273,0.068222,0.076706,0.12509,0.15097
0.020371,0.062695,0.031002,0.11234,0.18082,0.19052,0.070188,0.073428,0.10744,0.1512
0.020688,0.062791,0.032017,0.11494,0.18903,0.1956,0.071494,0.070343,0.093584,0.14952
0.028592,0.063791,0.042156,0.12568,0.22744,0.19331,0.072785,0.058957,0.060451,0.12685
0.020848,0.066227,0.029842,0.10792,0.18543,0.18346,0.069924,0.07138,0.11512,0.14985
0.020602,0.061617,0.033274,0.11568,0.19394,0.19624,0.071103,0.068663,0.094598,0.14429
0.025905,0.062592,0.042683,0.12287,0.21462,0.1937,0.073753,0.062559,0.072716,0.1286
0.031714,0.064071,0.052993,0.13065,0.23907,0.18929,0.076903,0.055479,0.048818,0.11101
0.031001,0.063972,0.052081,0.13114,0.2415,0.18946,0.077181,0.054838,0.048123,0.11071
0.027784,0.059808,0.050179,0.13096,0.24123,0.19526,0.073259,0.052188,0.064443,0.10489
0.032078,0.064012,0.054229,0.13129,0.23991,0.1899,0.07695,0.055023,0.047739,0.10886
0.03149,0.064371,0.052863,0.13046,0.23847,0.18952,0.07718,0.055347,0.048866,0.11143
0.030319,0.064092,0.050834,0.13033,0.24084,0.19093,0.0772,0.054824,0.04878,0.11185
0.023048,0.064098,0.037932,0.11837,0.19388,0.19112,0.078021,0.070414,0.090069,0.13305
0.026174,0.063279,0.045212,0.12477,0.22539,0.19355,0.077237,0.061091,0.066214,0.11709
0.040406,0.080147,0.046016,0.11237,0.17345,0.15751,0.078016,0.07802,0.086809,0.14726
0.034877,0.083371,0.041567,0.11133,0.14243,0.16551,0.085058,0.080378,0.084651,0.17083
0.027184,0.073428,0.037813,0.11293,0.14824,0.17771,0.080719,0.078571,0.10012,0.16328
0.037542,0.088403,0.042751,0.10945,0.14398,0.15996,0.085746,0.079761,0.078691,0.17372
0.040799,0.09722,0.042861,0.10382,0.13483,0.14882,0.085747,0.086224,0.078836,0.18084
0.041459,0.092479,0.046925,0.10877,0.14611,0.15253,0.085307,0.082544,0.076269,0.16761
0.048712,0.098424,0.044974,0.099882,0.13021,0.14296,0.084234,0.086436,0.08272,0.18145
0.047003,0.10038,0.040793,0.097461,0.12161,0.14029,0.083162,0.0896,0.08783,0.19187
0.031012,0.08447,0.032465,0.1002,0.1138,0.15695,0.075932,0.088808,0.12413,0.19223
0.028938,0.076477,0.033458,0.10282,0.12329,0.16145,0.072439,0.084449,0.1379,0.17879
0.047781,0.093835,0.031561,0.085186,0.089178,0.1328,0.06799,0.094882,0.1528,0.20399
0.022558,0.072201,0.024761,0.095187,0.094742,0.15959,0.066989,0.091085,0.18079,0.1921
0.023141,0.068713,0.028418,0.099678,0.10779,0.15933,0.066667,0.084717,0.18422,0.17733
0.024557,0.074133,0.024679,0.090112,0.093773,0.15205,0.063398,0.094374,0.19335,0.18957
0.060819,0.087597,0.064331,0.10795,0.17348,0.14159,0.083965,0.08173,0.067683,0.13086
0.052294,0.096665,0.054653,0.10423,0.14186,0.13317,0.086617,0.088068,0.079175,0.16327
0.052706,0.097404,0.055285,0.10451,0.1395,0.13218,0.08763,0.087568,0.079288,0.16393
0.05478,0.096905,0.057804,0.10561,0.14151,0.13222,0.088355,0.086042,0.077282,0.15949
0.045379,0.076393,0.062836,0.11982,0.2044,0.17048,0.088284,0.066736,0.058983,0.10669
0.043787,0.076929,0.062147,0.12185,0.19409,0.16374,0.089583,0.069912,0.062179,0.11579
0.043588,0.079884,0.060814,0.11947,0.18733,0.15956,0.089978,0.072466,0.064646,0.12226
0.057951,0.094982,0.060506,0.10671,0.15353,0.13463,0.086669,0.083021,0.072182,0.14983
0.057915,0.095055,0.060684,0.10742,0.15379,0.13512,0.086857,0.082822,0.071812,0.14853
0.044064,0.070796,0.063901,0.12668,0.21101,0.17251,0.085453,0.063284,0.055422,0.10688
0.042799,0.07258,0.062412,0.12587,0.20573,0.16957,0.087344,0.065827,0.057813,0.11005
0.04213,0.073484,0.061665,0.12526,0.20269,0.16779,0.088324,0.067361,0.059593,0.11171
0.055748,0.085019,0.061336,0.11023,0.17383,0.15028,0.08289,0.076503,0.075239,0.12892
0.04648,0.074635,0.064895,0.12435,0.20129,0.16557,0.086937,0.067192,0.058822,0.10984
0.044525,0.07213,0.064195,0.12636,0.20651,0.16999,0.086379,0.064579,0.056907,0.10843
0.043625,0.07146,0.063183,0.12664,0.2084,0.17083,0.086128,0.064195,0.056424,0.10911
0.042534,0.071659,0.061181,0.12529,0.20917,0.16872,0.086246,0.065868,0.057227,0.11211
0.046263,0.063467,0.064618,0.12659,0.22619,0.18442,0.08073,0.056908,0.057598,0.093216
0.044631,0.074465,0.063936,0.12353,0.20273,0.16831,0.08702,0.066729,0.057985,0.11067
0.044413,0.074548,0.06379,0.12403,0.20175,0.16805,0.087322,0.066684,0.05825,0.11116
0.043653,0.073763,0.063134,0.12661,0.19941,0.16829,0.088095,0.065623,0.059409,0.11201
0.0461,0.078085,0.063478,0.12039,0.18928,0.16576,0.089168,0.068841,0.0611,0.1178
0.045457,0.076641,0.063608,0.12126,0.19595,0.16681,0.088124,0.067815,0.059486,0.11485
0.044972,0.07569,0.063699,0.12192,0.20041,0.16752,0.087465,0.067175,0.058329,0.11281
0.065519,0.091795,0.066796,0.10315,0.14793,0.12853,0.089,0.087575,0.078216,0.1415
0.057879,0.090687,0.063786,0.10793,0.16558,0.13876,0.087804,0.082245,0.071422,0.1339
0.052286,0.085466,0.063589,0.1135,0.17497,0.15079,0.089102,0.075902,0.066724,0.12767
0.049414,0.081471,0.063975,0.11695,0.18187,0.15833,0.089434,0.071909,0.06395,0.1227
0.048236,0.077508,0.064889,0.11984,0.19575,0.16381,0.088328,0.067429,0.059482,0.11472
0.057693,0.082921,0.066386,0.11159,0.17908,0.14969,0.087116,0.07568,0.065898,0.12394
0.054521,0.083686,0.064709,0.11307,0.18374,0.15168,0.086717,0.074943,0.064213,0.12273
0.055701,0.087545,0.064346,0.11088,0.1714,0.14487,0.088234,0.078371,0.068192,0.13046
0.05642,0.089606,0.064585,0.1093,0.16024,0.14192,0.090191,0.080234,0.071499,0.136
0.035364,0.084809,0.047667,0.11455,0.17815,0.15511,0.088144,0.079387,0.071655,0.14516
0.046309,0.078698,0.057736,0.11672,0.18858,0.16059,0.083326,0.072356,0.068219,0.12746
0.048222,0.076377,0.060559,0.1185,0.19651,0.1637,0.082414,0.068855,0.065073,0.1198
0.050651,0.075058,0.063243,0.12021,0.2021,0.1653,0.081971,0.065945,0.060671,0.11486
0.050865,0.079973,0.059553,0.11546,0.19123,0.15946,0.083739,0.070832,0.063062,0.12583
0.051048,0.084544,0.057343,0.11092,0.1815,0.15632,0.084347,0.07414,0.065961,0.13388
0.048123,0.086478,0.054122,0.10953,0.17259,0.15647,0.084545,0.076146,0.069777,0.14222
0.043706,0.081255,0.050935,0.11286,0.17476,0.16158,0.0823,0.074844,0.074994,0.14276
0.043451,0.086651,0.048028,0.10802,0.15315,0.15213,0.083821,0.084346,0.08398,0.15642
0.046469,0.081265,0.055518,0.11416,0.17982,0.15874,0.0839,0.076325,0.069413,0.1344
0.0504,0.08094,0.059359,0.11551,0.1917,0.16265,0.083591,0.070231,0.061243,0.12437
0.046908,0.084632,0.054066,0.11191,0.17694,0.15883,0.084724,0.074988,0.068083,0.13891
0.043234,0.080042,0.050951,0.11401,0.17676,0.16229,0.082032,0.074393,0.074902,0.14139
0.063967,0.094193,0.054367,0.098325,0.14468,0.13254,0.080586,0.085058,0.084564,0.16172
0.061905,0.085487,0.059367,0.10619,0.16572,0.14463,0.081543,0.077548,0.07453,0.14308
0.062513,0.076637,0.066053,0.11378,0.18537,0.15483,0.082298,0.069805,0.064665,0.12405
0.065731,0.078357,0.065786,0.11154,0.17747,0.14803,0.082678,0.072911,0.069538,0.12796
0.074124,0.083406,0.064801,0.10226,0.16047,0.1381,0.081685,0.078317,0.077059,0.13977
0.074625,0.089538,0.062014,0.096546,0.14916,0.13332,0.081446,0.081954,0.080526,0.15087
0.065808,0.088644,0.058774,0.10147,0.15561,0.13945,0.081834,0.080149,0.078483,0.14978
0.057844,0.083126,0.054781,0.10621,0.1581,0.14769,0.07979,0.078577,0.083083,0.15081
0.065825,0.10252,0.049904,0.091436,0.12305,0.12095,0.080055,0.091872,0.094749,0.17964
0.066495,0.099162,0.053209,0.094241,0.13524,0.12597,0.080567,0.087864,0.08782,0.16944
0.069733,0.076888,0.063486,0.11266,0.1849,0.14358,0.078567,0.072413,0.069698,0.12807
0.080362,0.086386,0.064368,0.096129,0.15061,0.13219,0.080184,0.080974,0.080925,0.14786
0.078308,0.088772,0.063725,0.095655,0.14827,0.1315,0.080797,0.081989,0.081166,0.14982
0.07062,0.088657,0.061475,0.10097,0.15624,0.13652,0.080893,0.079887,0.077233,0.1475
0.059362,0.084675,0.052795,0.10287,0.14987,0.14476,0.077894,0.08103,0.088408,0.15833
0.020133,0.052855,0.033086,0.10816,0.16431,0.1822,0.066911,0.073095,0.17718,0.12207
0.023921,0.0534,0.041616,0.12024,0.20015,0.1886,0.06975,0.06495,0.12762,0.10976
0.029449,0.057776,0.053279,0.13601,0.24441,0.19507,0.075576,0.054293,0.056565,0.097566
0.030649,0.060354,0.053771,0.13542,0.23909,0.19067,0.07826,0.056296,0.054997,0.1005
0.032935,0.065159,0.053716,0.13035,0.22603,0.18518,0.08051,0.060019,0.05716,0.10895
0.030795,0.06697,0.049257,0.12505,0.20975,0.1861,0.080407,0.064469,0.068047,0.11916
0.027388,0.063784,0.045262,0.12378,0.20296,0.18844,0.078791,0.066301,0.081986,0.12131
0.025704,0.059247,0.043142,0.12356,0.20374,0.18944,0.074728,0.065442,0.094952,0.12004
0.024188,0.05664,0.040181,0.12099,0.1973,0.18904,0.070655,0.066946,0.11119,0.12287
0.019114,0.056779,0.028269,0.099434,0.13563,0.17495,0.067804,0.080445,0.20231,0.13527
0.018021,0.052238,0.028458,0.10337,0.15119,0.18316,0.066172,0.076462,0.19321,0.12773
0.034518,0.070302,0.052179,0.12548,0.20916,0.18122,0.082619,0.064079,0.060014,0.12043
0.032849,0.06852,0.051425,0.12558,0.21073,0.18343,0.081579,0.06435,0.062982,0.11856
0.029883,0.065843,0.048636,0.12575,0.20931,0.18627,0.080399,0.064409,0.071291,0.11821
0.026938,0.06104,0.044208,0.12386,0.20205,0.18728,0.075717,0.065185,0.093193,0.12053
0.024757,0.057457,0.040827,0.12029,0.19433,0.18779,0.070968,0.067008,0.11382,0.12275
0.027347,0.065559,0.040848,0.11329,0.1619,0.17714,0.078473,0.079229,0.12397,0.13223
0.029893,0.059475,0.050441,0.12668,0.21062,0.18782,0.077513,0.065721,0.084007,0.10783
0.032534,0.060748,0.056601,0.13401,0.23625,0.19035,0.078686,0.056769,0.055002,0.09905
0.031892,0.062412,0.053295,0.13097,0.22748,0.18752,0.078606,0.059944,0.062042,0.10584
0.030359,0.066428,0.047464,0.12417,0.2094,0.18533,0.079042,0.064925,0.07158,0.12132
0.024545,0.063697,0.037564,0.11534,0.18196,0.19046,0.076084,0.072103,0.10259,0.13566
0.022366,0.061232,0.035017,0.11362,0.17416,0.19202,0.075132,0.074624,0.11465,0.13719
0.025191,0.063514,0.040343,0.11879,0.1892,0.18918,0.077426,0.070522,0.095624,0.13021
0.026208,0.068056,0.036341,0.10693,0.13864,0.17215,0.079085,0.085429,0.14406,0.1431
0.023528,0.055677,0.036503,0.11308,0.1646,0.18871,0.075085,0.080387,0.13789,0.12454
0.033057,0.064819,0.053177,0.12865,0.22543,0.18069,0.078555,0.063176,0.063157,0.10928
0.02945,0.067724,0.045171,0.12148,0.20302,0.18593,0.079089,0.066452,0.074438,0.12725
0.024552,0.063705,0.037519,0.11533,0.18175,0.19042,0.07609,0.072146,0.10274,0.13574
0.023479,0.061413,0.037204,0.11561,0.18033,0.19162,0.075497,0.072874,0.10808,0.1339
0.025803,0.060261,0.041688,0.11903,0.19007,0.18712,0.074624,0.06945,0.10683,0.12511
