0.023238,0.055877,0.049139,0.13854,0.26711,0.20513,0.073503,0.047684,0.042674,0.097111
0.022468,0.056649,0.047413,0.13769,0.26173,0.20566,0.073961,0.048776,0.044561,0.1011
0.022823,0.053857,0.048092,0.13822,0.26138,0.1982,0.072594,0.053164,0.052707,0.098956
0.022132,0.058417,0.045191,0.13465,0.25575,0.20518,0.074289,0.050441,0.04649,0.10745
0.023539,0.057517,0.047415,0.13583,0.26044,0.20401,0.074894,0.049879,0.04521,0.10127
0.026464,0.057835,0.051572,0.1367,0.26388,0.19998,0.076834,0.050144,0.04314,0.093442
0.030506,0.061575,0.056707,0.13694,0.25588,0.19005,0.080147,0.053631,0.042867,0.091698
0.024593,0.062596,0.041722,0.1256,0.2253,0.19091,0.071012,0.062312,0.065611,0.13035
0.025862,0.058054,0.049509,0.13518,0.26034,0.20047,0.075556,0.051051,0.045652,0.098318
0.02581,0.059041,0.049817,0.13495,0.25489,0.19847,0.07811,0.052327,0.046051,0.10054
0.025682,0.060375,0.049131,0.13374,0.24668,0.19558,0.079356,0.054749,0.048839,0.10586
0.024831,0.058377,0.046503,0.12863,0.23428,0.19675,0.073945,0.057717,0.064241,0.11472
0.025211,0.057818,0.047086,0.12934,0.23549,0.19642,0.074154,0.05735,0.064261,0.11287
0.024804,0.061103,0.046639,0.13175,0.23654,0.19488,0.080469,0.057953,0.054199,0.11167
0.024942,0.061613,0.046595,0.13155,0.23582,0.19436,0.08085,0.058284,0.053879,0.11211
0.02517,0.056123,0.048517,0.13089,0.24268,0.19858,0.073917,0.055176,0.06297,0.10597
0.026182,0.055646,0.049799,0.13317,0.24387,0.19694,0.07408,0.055079,0.062362,0.10288
0.025798,0.062247,0.046762,0.13076,0.22884,0.19149,0.080823,0.06115,0.059661,0.11246
0.025795,0.065097,0.045684,0.12835,0.22489,0.18986,0.083084,0.063045,0.057827,0.11636
0.026116,0.060914,0.049523,0.13416,0.24966,0.19499,0.074005,0.05374,0.04933,0.10757
0.025217,0.062324,0.047331,0.13251,0.24348,0.19383,0.074132,0.055341,0.05193,0.11391
0.025131,0.062733,0.045221,0.12987,0.23892,0.19562,0.074324,0.056567,0.054146,0.11745
0.02589,0.06225,0.04669,0.13093,0.24356,0.19502,0.074419,0.055672,0.05246,0.11311
0.029755,0.060989,0.053369,0.13404,0.26209,0.1945,0.076293,0.051461,0.043749,0.093752
0.027339,0.064105,0.045915,0.12779,0.23488,0.19269,0.074963,0.058372,0.056322,0.11762
0.028669,0.065771,0.047463,0.12652,0.23512,0.19011,0.077287,0.059321,0.053604,0.11613
0.02974,0.068562,0.04777,0.12477,0.22924,0.18543,0.078875,0.061585,0.05368,0.12035
0.027664,0.064812,0.045535,0.12485,0.21885,0.18596,0.074273,0.063166,0.065338,0.12955
0.027919,0.066957,0.045116,0.12356,0.22298,0.1869,0.077793,0.063561,0.059978,0.12523
0.027424,0.066302,0.044103,0.12294,0.21984,0.18704,0.077634,0.064746,0.063415,0.12655
0.028603,0.058175,0.050433,0.13119,0.23694,0.19146,0.07282,0.058204,0.063543,0.10863
0.02669,0.061284,0.044978,0.12657,0.22471,0.19025,0.075062,0.062953,0.067226,0.12028
0.023106,0.062035,0.037983,0.11923,0.20302,0.19077,0.075517,0.07014,0.086013,0.13219
0.029441,0.057123,0.052292,0.13327,0.24132,0.19137,0.072613,0.057088,0.06333,0.10215
0.02768,0.061138,0.045905,0.12697,0.22107,0.18841,0.075499,0.064149,0.07094,0.11824
0.021667,0.064194,0.034138,0.11437,0.18635,0.18822,0.07609,0.075843,0.098953,0.14018
0.020943,0.053446,0.040116,0.12676,0.22932,0.20305,0.067597,0.058133,0.080637,0.12
0.018435,0.053766,0.034558,0.12179,0.21699,0.20451,0.065938,0.062045,0.091079,0.13088
0.01809,0.053677,0.033449,0.11975,0.21259,0.20474,0.065251,0.063378,0.095504,0.13357
0.020745,0.056102,0.038581,0.1238,0.22497,0.20276,0.069671,0.0601,0.078199,0.12507
0.024559,0.060763,0.044699,0.12753,0.23579,0.19865,0.076017,0.057315,0.056292,0.11839
0.02335,0.062197,0.038165,0.12108,0.21123,0.19022,0.069564,0.064636,0.080103,0.13946
0.022693,0.059095,0.040849,0.12529,0.22624,0.19964,0.073931,0.060172,0.067866,0.12422
0.021532,0.057902,0.039058,0.12443,0.22065,0.20184,0.073805,0.061835,0.073883,0.12507
0.027328,0.059996,0.045594,0.12619,0.21999,0.19023,0.073987,0.062322,0.073007,0.12135
0.024186,0.057976,0.040987,0.12405,0.21436,0.19492,0.072961,0.064034,0.080637,0.12589
0.017808,0.054768,0.031605,0.11872,0.19782,0.20402,0.071852,0.069392,0.10192,0.1321
0.02771,0.057633,0.048077,0.1295,0.22983,0.19171,0.073911,0.059112,0.0706,0.11192
0.027707,0.057623,0.048097,0.12951,0.22989,0.19174,0.073912,0.059096,0.070561,0.11187
0.017529,0.055657,0.02977,0.11451,0.18609,0.19932,0.072728,0.073352,0.11707,0.13398
0.017674,0.051121,0.037392,0.12913,0.23909,0.20839,0.066003,0.056463,0.076623,0.11811
0.016051,0.051155,0.033902,0.12593,0.22948,0.20806,0.065071,0.059226,0.084566,0.12655
0.015676,0.051022,0.032166,0.12263,0.2248,0.20895,0.064505,0.060315,0.091674,0.12827
0.016593,0.051203,0.034103,0.12462,0.23122,0.20755,0.065191,0.058728,0.085972,0.12482
0.022281,0.054894,0.04377,0.13434,0.25877,0.20464,0.071609,0.05176,0.049998,0.10795
0.016853,0.052016,0.033238,0.12074,0.22222,0.20215,0.064991,0.060791,0.098992,0.12801
0.018611,0.055413,0.036768,0.12485,0.23201,0.20436,0.070669,0.058699,0.074414,0.12421
0.019678,0.058983,0.038281,0.12636,0.23195,0.20264,0.07451,0.059173,0.062243,0.12619
0.017911,0.052942,0.034237,0.1183,0.20252,0.19606,0.065784,0.066224,0.11513,0.13088
0.018719,0.055979,0.037119,0.12518,0.22697,0.2047,0.072789,0.061087,0.07394,0.12352
0.018885,0.056671,0.037404,0.12591,0.22883,0.20391,0.073661,0.061037,0.07078,0.12291
0.021291,0.049851,0.042786,0.12757,0.2342,0.20055,0.067183,0.057779,0.092067,0.10673
0.018574,0.050575,0.037274,0.12445,0.22286,0.20436,0.069147,0.062531,0.095709,0.11453
0.016347,0.051525,0.032344,0.12107,0.20892,0.20568,0.070743,0.067576,0.10402,0.12177
0.022588,0.050333,0.045282,0.13079,0.24291,0.19956,0.068338,0.055565,0.082871,0.10176
0.017852,0.049263,0.035264,0.12133,0.21121,0.20247,0.067778,0.065624,0.11318,0.11604
0.013991,0.050257,0.026633,0.11383,0.1822,0.20505,0.069623,0.075128,0.1339,0.12939
0.025087,0.067638,0.035031,0.11412,0.17677,0.18558,0.074883,0.073864,0.096674,0.15036
0.026041,0.069998,0.03427,0.11193,0.16476,0.181,0.076823,0.078158,0.10126,0.15576
0.026837,0.070576,0.035783,0.1134,0.17022,0.1796,0.077046,0.076749,0.095983,0.1538
0.028852,0.073884,0.037752,0.11334,0.17025,0.17565,0.079474,0.076738,0.089879,0.15419
0.030161,0.075567,0.040083,0.11404,0.17908,0.17512,0.080379,0.073837,0.081533,0.15021
0.028238,0.068994,0.041239,0.11844,0.21562,0.18668,0.075038,0.061537,0.069334,0.13488
0.031101,0.076408,0.039197,0.1141,0.16543,0.16802,0.08094,0.079093,0.087275,0.15843
0.030966,0.075909,0.04061,0.11491,0.17697,0.17306,0.081101,0.074578,0.080512,0.15138
0.028163,0.069747,0.039875,0.11731,0.19198,0.18473,0.07721,0.068821,0.079382,0.14278
0.02382,0.063771,0.035334,0.11618,0.19163,0.19438,0.073001,0.068514,0.08906,0.14431
0.021062,0.06443,0.028844,0.10916,0.16743,0.1925,0.072623,0.076815,0.10744,0.1597
0.034023,0.071943,0.047849,0.12336,0.21398,0.18033,0.080746,0.061398,0.057576,0.1288
0.026149,0.06413,0.039543,0.12038,0.20394,0.19379,0.074082,0.064226,0.078052,0.13571
0.022487,0.061793,0.033399,0.11389,0.18398,0.19553,0.072036,0.07092,0.10138,0.14458
0.020773,0.060927,0.030177,0.11012,0.17422,0.19608,0.07163,0.074498,0.11324,0.14833
0.021229,0.060772,0.032096,0.11325,0.19097,0.19893,0.072784,0.070072,0.099442,0.14046
0.020249,0.058012,0.030317,0.1101,0.17564,0.19848,0.070006,0.073972,0.12055,0.14268
0.022607,0.061472,0.032891,0.11158,0.18481,0.19562,0.071939,0.071276,0.10556,0.14225
0.024366,0.064186,0.034611,0.11233,0.18914,0.19273,0.073456,0.070002,0.096205,0.14298
0.020072,0.055265,0.030935,0.11572,0.20213,0.20928,0.068157,0.067423,0.095912,0.13511
0.023888,0.065262,0.032633,0.10962,0.17562,0.19062,0.073485,0.074929,0.10515,0.1488
0.026754,0.071419,0.033785,0.10806,0.16503,0.18019,0.075867,0.078573,0.10355,0.15677
0.037279,0.079498,0.041282,0.10839,0.17096,0.16915,0.076996,0.075253,0.086501,0.15468
0.044486,0.091777,0.042232,0.10568,0.16419,0.14913,0.078167,0.080058,0.078178,0.1661
0.047943,0.094675,0.043593,0.10289,0.15399,0.14426,0.079623,0.082167,0.082327,0.16853
0.04263,0.083399,0.046542,0.10666,0.17093,0.15385,0.077612,0.076195,0.097976,0.14421
0.050383,0.098241,0.04278,0.10025,0.14718,0.1406,0.079833,0.084299,0.082073,0.17436
0.046882,0.088573,0.047823,0.10963,0.17645,0.15315,0.080012,0.075277,0.071231,0.15098
0.037086,0.072356,0.051054,0.12494,0.22329,0.17461,0.07812,0.062303,0.056897,0.11934
0.028626,0.064057,0.047952,0.13187,0.2431,0.18622,0.075111,0.057767,0.054342,0.11096
0.020367,0.057363,0.041058,0.12926,0.24347,0.19759,0.068366,0.059022,0.07218,0.11133
0.041791,0.074079,0.053784,0.12281,0.21881,0.1712,0.078871,0.062593,0.058982,0.11707
0.034533,0.068765,0.050764,0.1285,0.23425,0.17899,0.077297,0.059858,0.053624,0.11343
0.026168,0.064741,0.044353,0.12986,0.23565,0.1849,0.075597,0.061651,0.057052,0.12003
0.024571,0.066534,0.041664,0.12659,0.22163,0.18319,0.07627,0.066097,0.062767,0.13069
0.041906,0.08049,0.055061,0.11887,0.18721,0.16751,0.087397,0.068039,0.0607,0.13282
0.043773,0.083967,0.054695,0.11689,0.17651,0.15981,0.088044,0.072339,0.064507,0.13947
0.0407,0.081091,0.053631,0.1191,0.17792,0.16313,0.089102,0.071635,0.065541,0.13814
0.041696,0.081911,0.053662,0.11818,0.17983,0.16262,0.087872,0.071267,0.064906,0.13806
0.039989,0.079287,0.05266,0.11956,0.19401,0.17086,0.085178,0.066303,0.059455,0.1327
0.041008,0.082419,0.053606,0.11813,0.16638,0.15589,0.090996,0.075947,0.072957,0.14267
0.03961,0.07881,0.053955,0.1206,0.18944,0.16909,0.087098,0.067846,0.061555,0.132
0.041098,0.076011,0.056816,0.12166,0.20351,0.17604,0.085031,0.06298,0.055424,0.12143
0.044974,0.075111,0.061233,0.12108,0.20639,0.17581,0.084969,0.062045,0.054338,0.11406
0.052088,0.082372,0.06457,0.11521,0.18049,0.15863,0.086006,0.071259,0.063807,0.12556
0.036596,0.072497,0.054845,0.12347,0.20561,0.18063,0.083956,0.061283,0.062893,0.11822
0.042037,0.074418,0.058953,0.12195,0.20548,0.1771,0.084996,0.062012,0.057175,0.11587
0.044243,0.076709,0.060131,0.11989,0.20384,0.17317,0.085654,0.063873,0.055591,0.11691
0.043509,0.078139,0.0591,0.11842,0.20212,0.17072,0.085811,0.065573,0.057209,0.1194
0.043996,0.075763,0.058205,0.11717,0.18602,0.16577,0.085107,0.06693,0.081449,0.11959
0.043003,0.075455,0.059495,0.11962,0.20992,0.1749,0.085525,0.063203,0.054442,0.11443
0.04253,0.074919,0.059209,0.11949,0.21149,0.17557,0.085129,0.062872,0.055198,0.11359
0.040505,0.074159,0.057794,0.12039,0.20853,0.17782,0.086926,0.063423,0.055279,0.11517
0.044257,0.07898,0.058559,0.11674,0.196,0.16768,0.087012,0.06791,0.060688,0.12217
0.057158,0.085651,0.061288,0.10986,0.17385,0.15576,0.08546,0.071857,0.064506,0.13462
0.041172,0.081463,0.054899,0.1186,0.18556,0.16649,0.087123,0.068963,0.061328,0.1344
0.03779,0.087101,0.047059,0.114,0.16341,0.15974,0.086937,0.076667,0.071027,0.15627
0.029627,0.086527,0.034271,0.10739,0.13286,0.14817,0.080935,0.09601,0.1002,0.18401
0.039238,0.085182,0.050089,0.11575,0.17301,0.16166,0.086993,0.073532,0.066651,0.1479
0.03766,0.08644,0.048007,0.11479,0.16971,0.16127,0.086639,0.075011,0.068394,0.15209
0.037492,0.082666,0.050803,0.11722,0.1852,0.16795,0.085496,0.070465,0.062974,0.13973
0.038895,0.069842,0.059233,0.12663,0.22431,0.18409,0.081235,0.058686,0.050721,0.10635
0.037776,0.090347,0.044689,0.11305,0.15192,0.15019,0.086298,0.081818,0.077546,0.16637
0.037825,0.085641,0.049534,0.11557,0.17547,0.16319,0.086561,0.073086,0.06596,0.14717
0.03907,0.079431,0.054744,0.12033,0.19608,0.1729,0.085731,0.066149,0.057566,0.12801
0.040393,0.076555,0.057983,0.12186,0.20581,0.17697,0.085597,0.062835,0.053824,0.11817
0.040341,0.080334,0.056236,0.11775,0.19632,0.17262,0.086885,0.065529,0.057278,0.12671
0.04154,0.077568,0.06218,0.12298,0.19793,0.17478,0.08794,0.062154,0.054185,0.11874
0.040753,0.07511,0.059301,0.1242,0.20823,0.17848,0.085799,0.061695,0.052254,0.11418
0.038846,0.076487,0.056658,0.1219,0.2066,0.178,0.086346,0.062694,0.053652,0.11882
0.037974,0.076286,0.055786,0.12136,0.20932,0.17831,0.086357,0.062384,0.053586,0.11864
0.038459,0.070827,0.057995,0.12493,0.23037,0.18209,0.084301,0.058073,0.048871,0.10408
0.036822,0.074229,0.056026,0.12321,0.21456,0.18128,0.086012,0.06116,0.052303,0.11439
0.038255,0.077218,0.055594,0.12067,0.20506,0.1755,0.086777,0.064753,0.055581,0.12059
0.03933,0.0796,0.055226,0.11873,0.19758,0.17073,0.087367,0.06772,0.058125,0.1256
0.040509,0.073165,0.060635,0.12356,0.21839,0.17878,0.084419,0.060426,0.052135,0.10798
0.041158,0.082437,0.055543,0.11655,0.18946,0.16546,0.087672,0.070368,0.061176,0.13017
0.041424,0.084109,0.054541,0.11549,0.18463,0.16254,0.088011,0.072287,0.062773,0.13419
0.043576,0.076161,0.062504,0.1229,0.20868,0.17276,0.085795,0.063856,0.053417,0.11035
0.052651,0.086414,0.064749,0.11298,0.15921,0.14031,0.093413,0.081766,0.074513,0.134
0.045859,0.076908,0.065108,0.12248,0.18307,0.15757,0.094379,0.073003,0.066106,0.11551
0.040558,0.067761,0.063777,0.13056,0.21195,0.17358,0.089469,0.064311,0.057072,0.10097
0.038867,0.065083,0.062792,0.13286,0.22082,0.17808,0.086702,0.061845,0.054503,0.098445
0.036221,0.063552,0.062314,0.1375,0.22607,0.18069,0.087133,0.059354,0.050888,0.096271
0.050623,0.082466,0.064599,0.11538,0.1504,0.14524,0.0914,0.083856,0.081712,0.13432
0.043284,0.072612,0.066113,0.12636,0.19395,0.1651,0.093067,0.067925,0.062821,0.10877
0.040266,0.066152,0.064096,0.13184,0.2172,0.1752,0.087497,0.062439,0.055694,0.099617
0.03986,0.065161,0.063948,0.13306,0.22208,0.17751,0.086717,0.061084,0.053367,0.097211
0.039769,0.065102,0.064287,0.13381,0.22371,0.17834,0.087342,0.060143,0.051783,0.095708
0.04492,0.065046,0.069435,0.1338,0.22681,0.16909,0.083408,0.059454,0.052333,0.095701
0.040963,0.067128,0.065058,0.13174,0.21657,0.17527,0.088511,0.062045,0.054164,0.098546
0.040694,0.067786,0.06468,0.13104,0.21316,0.1753,0.089938,0.062775,0.054991,0.099645
0.040931,0.070518,0.064663,0.12869,0.20271,0.17248,0.091847,0.065529,0.058266,0.10436
0.043081,0.070847,0.065357,0.12656,0.20502,0.17214,0.090304,0.064873,0.057447,0.10437
0.048908,0.076121,0.065357,0.11932,0.19743,0.16436,0.087954,0.068112,0.060315,0.11212
0.052004,0.079697,0.065449,0.11552,0.18961,0.1594,0.08774,0.070492,0.062216,0.11787
0.048124,0.071782,0.070419,0.12778,0.19368,0.16134,0.094758,0.067162,0.059284,0.10567
0.049703,0.077121,0.065848,0.11918,0.19476,0.16299,0.08792,0.068352,0.059823,0.11431
0.057474,0.10469,0.056044,0.098117,0.13535,0.12257,0.086637,0.09513,0.08348,0.16051
0.051124,0.09551,0.057207,0.10583,0.15848,0.13831,0.088057,0.087568,0.075459,0.14245
0.045299,0.08279,0.058216,0.11587,0.18585,0.15775,0.085887,0.077091,0.066487,0.12475
0.043805,0.079814,0.057833,0.11791,0.18941,0.16126,0.084061,0.07529,0.066871,0.12375
0.043052,0.081226,0.052846,0.1128,0.17568,0.15476,0.079865,0.081325,0.084524,0.13391
0.046885,0.08698,0.056872,0.11244,0.17417,0.15012,0.08461,0.082583,0.074075,0.13127
0.045573,0.079939,0.059499,0.11827,0.18986,0.16041,0.084754,0.074765,0.064876,0.12205
0.046371,0.079869,0.060434,0.11821,0.19139,0.16089,0.085111,0.073827,0.063196,0.1207
0.047441,0.081155,0.060924,0.11679,0.18989,0.15972,0.085397,0.074292,0.063183,0.12122
0.053833,0.078513,0.066049,0.12029,0.19025,0.15271,0.084248,0.073182,0.062263,0.11867
0.050807,0.08636,0.061613,0.11317,0.17889,0.15254,0.086719,0.077525,0.065406,0.12697
0.050468,0.087452,0.060897,0.11193,0.17613,0.15187,0.086681,0.078831,0.066816,0.12892
0.053236,0.093729,0.060226,0.10705,0.1628,0.14383,0.087493,0.083726,0.070891,0.13702
0.052004,0.09197,0.060032,0.10857,0.16829,0.14671,0.086333,0.082008,0.06932,0.13476
0.056047,0.090893,0.062613,0.10947,0.16808,0.14282,0.085125,0.083471,0.07089,0.13059
0.050758,0.094164,0.057738,0.1065,0.17156,0.1474,0.085255,0.081665,0.067562,0.13739
0.055471,0.086974,0.063257,0.11121,0.18364,0.15248,0.086528,0.076024,0.06168,0.12274
0.050351,0.096188,0.055857,0.10467,0.16728,0.14662,0.086105,0.082728,0.068149,0.14206
0.057893,0.090154,0.062754,0.10812,0.17786,0.14402,0.085216,0.081032,0.064428,0.12852
0.052837,0.094768,0.057324,0.10576,0.16644,0.14465,0.086265,0.08328,0.068327,0.14035
0.040344,0.091038,0.047517,0.10865,0.13984,0.14833,0.090121,0.090753,0.085734,0.15767
0.037013,0.080739,0.049641,0.11678,0.16266,0.16389,0.090041,0.081643,0.078275,0.13932
0.039974,0.078035,0.055283,0.11961,0.18132,0.16661,0.088336,0.075096,0.06883,0.12691
0.040822,0.07731,0.057443,0.11748,0.18374,0.16972,0.086787,0.071923,0.065694,0.12908
0.039801,0.082698,0.052752,0.11611,0.16338,0.15925,0.092894,0.080119,0.076583,0.13641
0.039978,0.077914,0.054882,0.12021,0.18064,0.16561,0.088919,0.075423,0.069726,0.12669
0.039608,0.076635,0.05473,0.12048,0.1825,0.16766,0.086822,0.075032,0.068679,0.12786
0.039261,0.076669,0.054087,0.11973,0.17999,0.1679,0.085998,0.07575,0.069393,0.13122
0.043809,0.066461,0.062267,0.12847,0.21106,0.17119,0.081335,0.064202,0.066529,0.10467
0.042207,0.078591,0.05621,0.11898,0.18049,0.16503,0.085941,0.075502,0.067754,0.12929
0.042412,0.07983,0.055833,0.11806,0.1779,0.16378,0.086158,0.076588,0.06849,0.13095
0.04684,0.085278,0.058005,0.1139,0.17264,0.15747,0.086817,0.077847,0.067802,0.13341
0.048979,0.089516,0.05808,0.1107,0.16405,0.15069,0.087089,0.08092,0.070736,0.13924
0.049789,0.091326,0.057511,0.10838,0.15997,0.14929,0.087134,0.08223,0.071309,0.14306
0.050411,0.09258,0.057155,0.10784,0.15828,0.1469,0.086761,0.082463,0.072098,0.14551
0.055427,0.091074,0.059551,0.10736,0.16604,0.14511,0.083325,0.08272,0.069034,0.14035
0.049182,0.093821,0.053979,0.10658,0.15842,0.14777,0.086378,0.0819,0.071452,0.15051
0.050752,0.087935,0.058781,0.11188,0.17272,0.15334,0.087812,0.07506,0.064935,0.13678
0.048285,0.093558,0.052964,0.10672,0.15676,0.14883,0.087504,0.081234,0.071539,0.15261
0.050298,0.087834,0.058348,0.11188,0.17133,0.15277,0.087859,0.075487,0.065989,0.13821
0.047831,0.090196,0.054248,0.1094,0.16071,0.15207,0.088146,0.079135,0.070257,0.148
